percFitTraces: 62.0
averageFitness: 0.8947438999101404
percentage_of_fitting_traces: 62.0
average_trace_fitness: 0.8947438999101404
log_fitness: 0.9021372328458943
precison: 0.6821705426356589
generalization: 0.8485551398460299
simplicity: 0.8723404255319148
