probability:0.75
perc_fit_traces: 100.0
average_trace_fitness: 1.0
log_fitness: 1.0
percentage_of_fitting_traces: 100.0
precison: 0.10158730158730156
generalization: 0.3054451449459711
simplicity: 0.716012084592145
