probability:0.25
perc_fit_traces: 0.0
average_trace_fitness: 0.8549849562630549
log_fitness: 0.8365380302023139
percentage_of_fitting_traces: 0.0
precison: 0.08518518518518514
generalization: 0.4368103311316217
simplicity: 0.716012084592145
