percFitTraces: 38.0
averageFitness: 0.8000626872436699
percentage_of_fitting_traces: 38.0
average_trace_fitness: 0.8000626872436699
log_fitness: 0.8040794417606012
precison: 0.6891766882516188
generalization: 0.847061212927152
simplicity: 0.8723404255319148
